General:
  lid_topic: "/lidar/points"
  imu_topic: "/imu/data"
  save_path: "/media/yjcho/MT_009/data/voxel_slam/"
  previous_map: ""
  bagname: "nvidia_2"
  lidar_type: 1
  blind: 2.8
  point_filter_num: 3
  # extrinsic_tran: [ -0.004608, -0.02742699, -0.3741691] # urbannav 
  # extrinsic_tran: [-0.055, -0.02, -0.455]
  extrinsic_tran: [0.212614,-0.633602, 0.669752]
  # extrinsic_rota: [1, 0, 0, 
  #                  0, 1, 0, 
  #                  0, 0, 1]
  # extrinsic_rota: [0, 1, 0, 
                  #  1, 0, 0, 
                  #  0, 0, -1]
  # extrinsic_rota: [ -0.9998829, -0.0081126, -0.0129716, 
  #                  -0.0082023, 0.9999427, 0.0068751, 
  #                  0.0129151, 0.0069807, -0.9998922]
  extrinsic_rota: [-0.814718, 0.165951, -0.555603,
                   0.100871, 0.984124, 0.146032,
                   0.571017, 0.062931, -0.818523]
  # extrinsic_rota: [0.999, -0.003, 0.001,
  #                0.003, 0.999, -0.001,
  #               -0.001, 0.001, 0.999]
  is_save_map: 1

Odometry:
  cov_gyr: 0.01 # 0.01
  cov_acc: 1
  rdw_gyr: 0.0001
  rdw_acc: 0.0001
  down_size: 0.25 # 0.1
  beam_err: 0.01
  dept_err: 0.01
  voxel_size: 2 # 1
  min_eigen_value: 0.01 # 0.0025
  degrade_bound: 100
  point_notime: 0

LocalBA:
  win_size: 10
  max_layer: 2 # 1
  cov_gyr: 0.01 # 0.01
  cov_acc: 1
  rdw_gyr: 0.0001
  rdw_acc: 0.0001
  min_ba_point: 1
  plane_eigen_value_thre: [4.0, 4.0, 4.0, 4.0]
  imu_coef: 0.0001
  thread_num: 5

Loop:
  jud_default: 0.45
  icp_eigval: 15
  ratio_drift: 0.01
  curr_halt: 10
  prev_halt: 10
  acsize: 2
  mgsize: 2
  isHighFly: 0

GBA:
  voxel_size: 2
  min_eigen_value: 0.01
  eigen_value_array: [9.0, 9.0, 9.0, 9.0]
  total_max_iter: 3
